    0.8950    0.2699   -0.5218    2.3041   -2.4702    1.0000
    0.9060    0.2613   -0.6181    2.5205   -3.2494    1.0000
    0.8865    0.2893   -0.4677    2.4490   -2.4334    1.0000
    0.9126    0.2736   -0.5847    2.5844   -3.2488    1.0000
    0.9098    0.2591   -0.6085    2.6355   -3.3932    1.0000
    0.8933    0.2991   -0.5216    2.3660   -2.5661    1.0000
    0.8925    0.2914   -0.4925    2.3783   -2.5080    1.0000
    0.8885    0.2964   -0.4929    2.3814   -2.4815    1.0000
    0.9004    0.2951   -0.4913    2.3718   -2.5013    1.0000
    0.9144    0.2488   -0.5956    2.3676   -2.9439    1.0000
    0.9028    0.2652   -0.5625    2.5066   -2.9971    1.0000
    0.8806    0.2929   -0.4466    2.3072   -2.1611    1.0000
    0.8923    0.2877   -0.5087    2.3977   -2.5843    1.0000
    0.9040    0.2637   -0.6048    2.6566   -3.3629    1.0000
    0.8886    0.2920   -0.4758    2.2954   -2.3117    1.0000
    0.9076    0.2683   -0.5666    2.5188   -3.0118    1.0000
    0.8994    0.2764   -0.5700    2.6080   -3.0897    1.0000
    0.9137    0.2450   -0.6279    2.4537   -3.2753    1.0000
    0.8982    0.2934   -0.5065    2.3924   -2.5653    1.0000
    0.8760    0.3009   -0.3567    2.1058   -1.7458    1.0000
    0.8858    0.2987   -0.4623    2.3102   -2.2743    1.0000
    0.9071    0.2635   -0.5256    2.4173   -2.6965    1.0000
    0.8987    0.2821   -0.5655    2.4422   -2.7824    1.0000
    0.8909    0.2875   -0.4753    2.3152   -2.3974    1.0000
    0.8923    0.2935   -0.5111    2.4241   -2.6583    1.0000
    0.8872    0.2905   -0.4560    2.3230   -2.2867    1.0000
    0.8943    0.2828   -0.5161    2.4967   -2.7637    1.0000
    0.9038    0.2586   -0.6087    2.4290   -2.9657    1.0000
    0.9015    0.2649   -0.5649    2.4290   -2.8100    1.0000
    0.9095    0.2656   -0.5746    2.5527   -3.0770    1.0000
    0.8776    0.2910   -0.4749    2.3614   -2.3452    1.0000
    0.9127    0.2490   -0.6254    2.6920   -3.5057    1.0000
    0.9132    0.2580   -0.6383    2.6682   -3.5336    1.0000
    0.8932    0.2776   -0.5313    2.4720   -2.7183    1.0000
    0.8826    0.3029   -0.4110    2.2222   -1.9865    1.0000
    0.8774    0.3022   -0.4189    2.2124   -1.9880    1.0000
    0.9040    0.2732   -0.5832    2.6217   -3.1668    1.0000
    0.9169    0.2567   -0.6488    2.8010   -4.0321    1.0000
    0.8887    0.2943   -0.4533    2.2734   -2.2511    1.0000
    0.9106    0.2533   -0.6612    2.7847   -3.7478    1.0000
    0.8992    0.2710   -0.5747    2.5163   -2.9375    1.0000
    0.8789    0.3065   -0.4233    2.2368   -2.0082    1.0000
    0.8842    0.2925   -0.4101    2.2671   -2.0877    1.0000
    0.8990    0.2692   -0.5286    2.3657   -2.6598    1.0000
    0.8847    0.2876   -0.5336    2.4383   -2.6494    1.0000
    0.9018    0.2709   -0.5657    2.4457   -2.9498    1.0000
    0.8917    0.2839   -0.5675    2.5133   -2.8655    1.0000
    0.9107    0.2666   -0.6252    2.6476   -3.4447    1.0000
    0.8968    0.2742   -0.5702    2.4941   -2.9170    1.0000
    0.9011    0.2623   -0.5699    2.4184   -2.8647    1.0000
    0.9125    0.2491   -0.6791    2.5769   -3.3878    1.0000
    0.9272    0.2486   -0.7043    2.7564   -3.9851    1.0000
    0.8962    0.2827   -0.4926    2.3336   -2.4284    1.0000
    0.8981    0.2759   -0.5578    2.4877   -2.8006    1.0000
    0.9120    0.2631   -0.6061    2.4799   -3.1178    1.0000
    0.8837    0.2977   -0.4428    2.2885   -2.2094    1.0000
    0.8888    0.2827   -0.4989    2.3970   -2.4843    1.0000
    0.9012    0.2631   -0.5178    2.4599   -2.7045    1.0000
    0.8933    0.2756   -0.5605    2.5355   -2.8797    1.0000
    0.8763    0.3026   -0.3576    2.1312   -1.6729    1.0000
    0.9003    0.2826   -0.5227    2.4249   -2.6916    1.0000
    0.8865    0.2921   -0.4776    2.3535   -2.4157    1.0000
    0.9029    0.2664   -0.6147    2.5779   -3.2885    1.0000
    0.8944    0.2898   -0.4826    2.3207   -2.3797    1.0000
    0.9111    0.2728   -0.5458    2.5601   -2.9584    1.0000
    0.8864    0.2880   -0.3590    2.1544   -1.8553    1.0000
    0.9128    0.2498   -0.6810    2.8014   -3.8964    1.0000
    0.9076    0.2756   -0.6341    2.6141   -3.3490    1.0000
    0.8715    0.3093   -0.3427    2.1544   -1.6514    1.0000
    0.8925    0.2767   -0.5277    2.3620   -2.5229    1.0000
    0.8798    0.2989   -0.4150    2.2112   -1.9665    1.0000
    0.8885    0.2963   -0.4451    2.3218   -2.2533    1.0000
    0.9004    0.2717   -0.5532    2.4079   -2.7391    1.0000
    0.9000    0.2641   -0.5376    2.4088   -2.7467    1.0000
    0.8866    0.2772   -0.4420    2.3473   -2.2342    1.0000
    0.9198    0.2594   -0.6147    2.6736   -3.4677    1.0000
    0.8904    0.2865   -0.4837    2.2956   -2.3538    1.0000
    0.9036    0.2630   -0.6444    2.6891   -3.4397    1.0000
    0.8874    0.2846   -0.5276    2.4777   -2.7173    1.0000
    0.9002    0.2776   -0.5491    2.4933   -2.9035    1.0000
    0.8866    0.2897   -0.4595    2.2376   -2.1978    1.0000
    0.9007    0.2649   -0.5970    2.4344   -2.9793    1.0000
    0.8882    0.2907   -0.4559    2.3380   -2.3421    1.0000
    0.8722    0.3091   -0.3944    2.2191   -1.8408    1.0000
    0.8785    0.3093   -0.4145    2.2120   -1.9413    1.0000
    0.8823    0.2935   -0.4624    2.3926   -2.3562    1.0000
    0.8991    0.2695   -0.4986    2.2053   -2.2845    1.0000
    0.8813    0.2923   -0.4554    2.3362   -2.2198    1.0000
    0.8881    0.2862   -0.5229    2.5047   -2.6775    1.0000
    0.9130    0.2447   -0.7491    2.8463   -4.2740    1.0000
    0.8940    0.2880   -0.5079    2.4553   -2.6764    1.0000
    0.9052    0.2545   -0.5068    2.2437   -2.4976    1.0000
    0.9029    0.2670   -0.6200    2.7016   -3.3418    1.0000
    0.8877    0.2869   -0.4833    2.3402   -2.3296    1.0000
    0.9008    0.2729   -0.5280    2.3137   -2.5612    1.0000
    0.9021    0.2880   -0.5136    2.3797   -2.5407    1.0000
    0.8826    0.2876   -0.4633    2.2948   -2.2781    1.0000
    0.9149    0.2567   -0.6208    2.5900   -3.3012    1.0000
    0.9053    0.2804   -0.5137    2.3676   -2.6904    1.0000
    0.8946    0.2730   -0.4879    2.4632   -2.6302    1.0000
    0.8248    0.3601   -0.2443    1.7833   -0.9655    2.0000
    0.8788    0.2977   -0.4777    2.3499   -2.4498    2.0000
    0.8092    0.3222   -0.1725    1.7907   -0.7329    2.0000
    0.8833    0.3166   -0.5267    2.3007   -2.6656    2.0000
    0.7590    0.3733   -0.1576    1.7605   -0.6399    2.0000
    0.8939    0.2749   -0.7072    2.8514   -4.4163    2.0000
    0.8039    0.3502   -0.3311    1.9432   -1.3412    2.0000
    0.8709    0.3030   -0.3571    2.0464   -1.6022    2.0000
    0.8646    0.3352   -0.3673    2.0886   -1.7327    2.0000
    0.9097    0.2784   -0.4821    2.2087   -2.3940    2.0000
    0.8642    0.3288   -0.3822    1.9092   -1.5947    2.0000
    0.8683    0.3156   -0.4400    2.1051   -1.9096    2.0000
    0.9091    0.2679   -0.6036    2.5472   -3.5494    2.0000
    0.8922    0.2942   -0.4610    2.1797   -2.1539    2.0000
    0.8817    0.2878   -0.5248    2.5410   -3.0866    2.0000
    0.7966    0.3606   -0.1103    1.8318   -0.4364    2.0000
    0.8876    0.2947   -0.4416    2.0313   -1.9002    2.0000
    0.8530    0.3224   -0.3340    1.9571   -1.4543    2.0000
    0.8036    0.3468   -0.4436    2.1266   -1.9075    2.0000
    0.8919    0.2744   -0.5341    2.3438   -2.9347    2.0000
    0.8892    0.3044   -0.4917    2.2896   -2.4809    2.0000
    0.8860    0.2829   -0.5105    2.1514   -2.2870    2.0000
    0.8887    0.2938   -0.4556    2.1727   -2.1160    2.0000
    0.8380    0.3133   -0.3573    2.0741   -1.6929    2.0000
    0.8877    0.2994   -0.5325    2.3437   -2.5776    2.0000
    0.8502    0.3260   -0.3890    2.0649   -1.7938    2.0000
    0.8755    0.3013   -0.4602    2.1316   -2.1236    2.0000
    0.8855    0.2778   -0.5475    2.3564   -2.7821    2.0000
    0.8022    0.3614   -0.2295    1.8966   -0.9289    2.0000
    0.8542    0.2944   -0.5340    2.3424   -2.8408    2.0000
    0.8992    0.2905   -0.5239    2.4218   -2.7985    2.0000
    0.9077    0.2875   -0.5429    2.4510   -3.1648    2.0000
    0.8622    0.3427   -0.4092    2.1530   -2.0613    2.0000
    0.8534    0.3247   -0.3842    1.9999   -1.7529    2.0000
    0.8558    0.3119   -0.4149    2.1215   -2.0648    2.0000
    0.8471    0.3310   -0.3825    1.9473   -1.6032    2.0000
    0.7710    0.3601   -0.1673    1.7323   -0.6793    2.0000
    0.7467    0.3828   -0.0729    1.7947   -0.1951    2.0000
    0.8630    0.3108   -0.4527    2.2173   -2.2173    2.0000
    0.8759    0.3006   -0.4477    2.2040   -2.1242    2.0000
    0.8502    0.3087   -0.4829    2.3073   -2.5824    2.0000
    0.7857    0.3468   -0.0422    1.7477   -0.1894    2.0000
    0.8153    0.3382   -0.4524    2.0857   -1.9746    2.0000
    0.7898    0.3556   -0.1720    1.8143   -0.6972    2.0000
    0.8856    0.3134   -0.4406    2.2486   -2.1919    2.0000
    0.8467    0.3281   -0.3215    1.8299   -1.3101    2.0000
    0.8980    0.2642   -0.4591    2.2363   -2.4037    2.0000
    0.9105    0.2564   -0.6270    2.5789   -3.6085    2.0000
    0.8583    0.3299   -0.4170    2.0757   -1.9542    2.0000
    0.7975    0.3613   -0.3881    1.9641   -1.5887    2.0000
    0.8405    0.3107   -0.5183    2.2751   -2.4616    2.0000
    0.8964    0.2855   -0.5670    2.5548   -3.2087    2.0000
    0.8517    0.3345   -0.3798    2.0188   -1.6725    2.0000
    0.8754    0.2833   -0.3922    1.9442   -1.6139    2.0000
    0.8378    0.3409   -0.2424    1.9366   -1.0970    2.0000
    0.9054    0.2605   -0.5986    2.5589   -3.3435    2.0000
    0.8456    0.3272   -0.2935    1.9313   -1.2899    2.0000
    0.8553    0.3230   -0.4790    2.2959   -2.4737    2.0000
    0.8010    0.3652   -0.1389    1.7502   -0.5861    2.0000
    0.8402    0.3250   -0.2436    1.9334   -1.0616    2.0000
    0.8700    0.3441   -0.2634    1.8893   -1.1569    2.0000
    0.8314    0.3149   -0.2939    1.9540   -1.3269    2.0000
    0.8209    0.3486   -0.2752    1.9813   -1.1706    2.0000
    0.8594    0.3186   -0.4379    2.0736   -1.9244    2.0000
    0.7815    0.3716   -0.2758    1.8189   -1.0188    2.0000
    0.8879    0.2923   -0.5149    2.4803   -2.7959    2.0000
    0.8800    0.3020   -0.4878    2.3925   -2.5235    2.0000
    0.8467    0.3297   -0.3926    2.1189   -1.8755    2.0000
    0.8925    0.2862   -0.5101    2.2360   -2.3420    2.0000
    0.8521    0.3209   -0.4391    2.1647   -2.0621    2.0000
    0.8419    0.3061   -0.4652    2.0545   -2.2399    2.0000
    0.8319    0.3482   -0.2249    1.8138   -0.9284    2.0000
    0.8796    0.3071   -0.4604    2.1948   -2.3571    2.0000
    0.8094    0.3309   -0.5030    2.1931   -2.5670    2.0000
    0.8473    0.3349   -0.3004    1.7241   -1.1753    2.0000
    0.8503    0.3331   -0.3551    2.0712   -1.7334    2.0000
    0.8923    0.2807   -0.6001    2.7036   -3.6078    2.0000
    0.9160    0.2439   -0.5652    2.5884   -3.2330    2.0000
    0.8243    0.3211   -0.1699    1.9693   -0.7714    2.0000
    0.9021    0.2641   -0.5765    2.4148   -3.0588    2.0000
    0.8805    0.3124   -0.3919    2.1969   -2.0281    2.0000
    0.9253    0.2607   -0.8011    3.2109   -5.5786    2.0000
    0.9052    0.2830   -0.5222    2.5031   -3.1891    2.0000
    0.7856    0.3406   -0.0411    1.6679   -0.2405    2.0000
    0.8273    0.3376   -0.2370    1.8030   -1.0449    2.0000
    0.9093    0.2769   -0.5379    2.5297   -3.0698    2.0000
    0.8962    0.2741   -0.4834    2.1329   -2.1800    2.0000
    0.8972    0.2621   -0.5195    2.3464   -2.6151    2.0000
    0.9144    0.2725   -0.5660    2.4598   -3.1030    2.0000
    0.9053    0.2693   -0.6827    2.5685   -3.5315    2.0000
    0.7716    0.3430   -0.0920    1.8416   -0.4089    2.0000
    0.8599    0.3093   -0.3052    2.0100   -1.3135    2.0000
    0.8758    0.2958   -0.3789    2.2299   -1.9446    2.0000
    0.8162    0.3373   -0.2058    2.0834   -1.0380    2.0000
    0.8787    0.3314   -0.3422    2.0149   -1.5537    2.0000
    0.9183    0.2483   -0.6507    2.6356   -3.5817    2.0000
    0.8655    0.2880   -0.4740    2.2822   -2.5122    2.0000
    0.7464    0.3721    0.0274    1.7716    0.1431    2.0000
    0.8790    0.3114   -0.4288    2.0966   -1.9687    2.0000
    0.8612    0.3375   -0.3275    1.8956   -1.4078    2.0000
    0.8081    0.3827   -0.3109    2.0828   -1.2388    3.0000
    0.7478    0.4489   -0.0015    1.5913    0.0378    3.0000
    0.6833    0.4502    0.2742    1.6446    0.9650    3.0000
    0.8907    0.3242   -0.3986    1.8881   -1.5893    3.0000
    0.8340    0.3724   -0.3402    1.8491   -1.3559    3.0000
    0.7471    0.4142    0.0277    1.6317    0.0483    3.0000
    0.7991    0.3910   -0.2176    1.8179   -0.8600    3.0000
    0.8207    0.3868   -0.3204    2.1087   -1.3940    3.0000
    0.7251    0.4421    0.1495    1.6046    0.4747    3.0000
    0.7763    0.4050   -0.0683    1.7137   -0.2908    3.0000
    0.7955    0.3929   -0.1452    1.6902   -0.5845    3.0000
    0.7659    0.4021   -0.0496    1.6695   -0.1985    3.0000
    0.7064    0.4340    0.2112    1.6445    0.7178    3.0000
    0.8405    0.3591   -0.2858    1.8590   -1.2722    3.0000
    0.7897    0.3765   -0.1714    1.8618   -0.6211    3.0000
    0.7728    0.3938   -0.1358    1.7691   -0.4207    3.0000
    0.6832    0.4451    0.3204    1.6691    1.0681    3.0000
    0.8606    0.3035   -0.5061    2.2615   -2.4136    3.0000
    0.7169    0.4395    0.0858    1.6687    0.4128    3.0000
    0.6775    0.4529    0.3135    1.6520    1.0729    3.0000
    0.7811    0.3893   -0.0823    1.7939   -0.3206    3.0000
    0.7162    0.4479    0.1619    1.5984    0.5591    3.0000
    0.7411    0.4434    0.0576    1.6283    0.2159    3.0000
    0.8380    0.3760   -0.1853    1.7283   -0.7409    3.0000
    0.7784    0.3908   -0.1261    1.7741   -0.4439    3.0000
    0.8380    0.3456   -0.3743    1.8872   -1.4684    3.0000
    0.8253    0.3800   -0.2265    1.6432   -0.8531    3.0000
    0.8688    0.3289   -0.4277    2.0920   -1.8910    3.0000
    0.7659    0.4226   -0.0960    1.6390   -0.3106    3.0000
    0.7452    0.4220    0.0090    1.7133    0.1148    3.0000
    0.8457    0.3457   -0.3278    1.9068   -1.4381    3.0000
    0.8130    0.3590   -0.2551    1.8974   -1.0159    3.0000
    0.8791    0.3292   -0.4037    1.8870   -1.7348    3.0000
    0.7628    0.4180    0.0121    1.6052   -0.0232    3.0000
    0.7998    0.4171   -0.1281    1.7879   -0.5363    3.0000
    0.7240    0.4415    0.1490    1.6141    0.4906    3.0000
    0.8242    0.3564   -0.3208    2.0555   -1.3559    3.0000
    0.8492    0.3648   -0.3468    1.9149   -1.4468    3.0000
    0.7232    0.4190    0.1126    1.6739    0.4615    3.0000
    0.8339    0.3951   -0.2859    1.8530   -1.2219    3.0000
    0.6607    0.4694    0.3703    1.6526    1.2499    3.0000
    0.8238    0.3558   -0.2433    1.8476   -1.1058    3.0000
    0.8505    0.3571   -0.2923    1.7396   -1.1801    3.0000
    0.7031    0.4208    0.2488    1.6635    0.8200    3.0000
    0.6503    0.4834    0.4150    1.6608    1.3991    3.0000
    0.7201    0.4481    0.1401    1.6176    0.4898    3.0000
    0.8369    0.3523   -0.2395    1.7518   -0.9768    3.0000
    0.7222    0.4480    0.0710    1.6451    0.3663    3.0000
    0.7254    0.4249    0.1473    1.6101    0.4683    3.0000
    0.6708    0.4817    0.3121    1.6159    1.0858    3.0000
    0.8061    0.3802   -0.2597    2.0196   -1.0277    3.0000
    0.7762    0.4200    0.0187    1.6816   -0.0008    3.0000
    0.8275    0.3660   -0.4191    2.0958   -1.7438    3.0000
    0.8535    0.3612   -0.2648    1.7836   -1.0477    3.0000
    0.7999    0.3917   -0.1174    1.7439   -0.4746    3.0000
    0.8348    0.3496   -0.3236    1.9093   -1.3914    3.0000
    0.8347    0.3809   -0.3613    1.9861   -1.5353    3.0000
    0.6736    0.4731    0.3053    1.6172    1.0611    3.0000
    0.7496    0.3951    0.0352    1.5783    0.0742    3.0000
    0.6733    0.4455    0.3608    1.6781    1.1913    3.0000
    0.8437    0.3666   -0.3207    1.9313   -1.3799    3.0000
    0.7795    0.3838   -0.1081    1.8323   -0.4247    3.0000
    0.7768    0.4024   -0.1188    1.8129   -0.4377    3.0000
    0.7297    0.4304    0.1445    1.6066    0.4340    3.0000
    0.7786    0.4056   -0.0862    1.6374   -0.3244    3.0000
    0.8306    0.3594   -0.2919    1.8470   -1.2112    3.0000
    0.7352    0.4321    0.0776    1.5881    0.2535    3.0000
    0.6959    0.4432    0.2435    1.6144    0.8037    3.0000
    0.7540    0.4043    0.0066    1.7524    0.0367    3.0000
    0.7675    0.3778   -0.0333    1.8241   -0.1915    3.0000
    0.8533    0.3339   -0.4870    2.1880   -2.2009    3.0000
    0.8395    0.3614   -0.3006    1.7735   -1.1901    3.0000
    0.7631    0.4044   -0.0390    1.6641   -0.1246    3.0000
    0.7836    0.3989   -0.1518    1.7629   -0.5217    3.0000
    0.7619    0.4267   -0.0027    1.6510   -0.0065    3.0000
    0.7240    0.4462    0.1145    1.6174    0.4066    3.0000
    0.8918    0.3312   -0.5025    2.1317   -2.4002    3.0000
    0.7510    0.4274    0.0069    1.6307    0.0116    3.0000
    0.8355    0.3370   -0.3401    2.1418   -1.5863    3.0000
    0.8368    0.3766   -0.1698    1.6825   -0.6781    3.0000
    0.8486    0.3498   -0.3929    2.1033   -1.7734    3.0000
    0.7245    0.4681    0.0642    1.5835    0.3075    3.0000
    0.6585    0.4635    0.3966    1.6859    1.3382    3.0000
    0.6790    0.4409    0.3433    1.7071    1.1603    3.0000
    0.6975    0.4388    0.2592    1.6107    0.8187    3.0000
    0.6611    0.4607    0.3909    1.7065    1.3448    3.0000
    0.7715    0.4234    0.0217    1.6185   -0.0167    3.0000
    0.8586    0.3496   -0.5937    2.3103   -2.6410    3.0000
    0.7079    0.4343    0.1528    1.5916    0.5394    3.0000
    0.8719    0.3315   -0.4970    2.2094   -2.3643    3.0000
    0.7457    0.4091    0.0767    1.6055    0.2459    3.0000
    0.8278    0.3774   -0.3355    2.0064   -1.4304    3.0000
    0.6641    0.4543    0.4048    1.7291    1.3880    3.0000
    0.8327    0.3577   -0.3472    1.8940   -1.4137    3.0000
    0.7224    0.4187    0.1648    1.6349    0.5128    3.0000
    0.7956    0.3875   -0.1727    1.7696   -0.6470    3.0000
    0.7416    0.4492   -0.0055    1.5883    0.0628    3.0000
    0.6998    0.4383    0.2016    1.6383    0.7281    3.0000
    0.8115    0.3734   -0.2287    1.8490   -0.9632    3.0000
    0.7654    0.3938   -0.0249    1.6029   -0.1478    3.0000
